Using kernel 1
Checking block size 32.
0.911060 0.911060
0.145619 0.145619
0.769654 0.769654
-0.995662 -0.995662
-0.644888 -0.644888
0.319486 0.319486
0.329095 0.329095
0.347639 0.347639
0.335725 0.335725
0.343789 0.343789
Checking block size 64.
0.911060 0.911060
0.145619 0.145619
0.769654 0.769654
-0.995662 -0.995662
-0.644888 -0.644888
0.319486 0.319486
0.329095 0.329095
0.347639 0.347639
0.335725 0.335725
0.343789 0.343789
Checking block size 128.
0.911060 0.911060
0.145619 0.145619
0.769654 0.769654
-0.995662 -0.995662
-0.644888 -0.644888
0.319486 0.319486
0.329095 0.329095
0.347639 0.347639
0.335725 0.335725
0.343789 0.343789
Checking block size 256.
0.911060 0.911060
0.145619 0.145619
0.769654 0.769654
-0.995662 -0.995662
-0.644888 -0.644888
0.319486 0.319486
0.329095 0.329095
0.347639 0.347639
0.335725 0.335725
0.343789 0.343789
Checking block size 512.
0.911060 0.911060
0.145619 0.145619
0.769654 0.769654
-0.995662 -0.995662
-0.644888 -0.644888
0.319486 0.319486
0.329095 0.329095
0.347639 0.347639
0.335725 0.335725
0.343789 0.343789
Checking block size 1024.
0.911060 0.911060
0.145619 0.145619
0.769654 0.769654
-0.995662 -0.995662
-0.644888 -0.644888
0.319486 0.319486
0.329095 0.329095
0.347639 0.347639
0.335725 0.335725
0.343789 0.343789
All results match. Starting benchmarks.

block_size   32 | time 0.7442 ms | bandwidth 67.63 GB/s
block_size   64 | time 0.7554 ms | bandwidth 66.63 GB/s
block_size  128 | time 0.8384 ms | bandwidth 60.03 GB/s
block_size  256 | time 1.0179 ms | bandwidth 49.45 GB/s
block_size  512 | time 1.2111 ms | bandwidth 41.56 GB/s
block_size 1024 | time 1.7958 ms | bandwidth 28.03 GB/s
Using kernel 2
Checking block size 32.
0.911060 0.911060
0.145619 0.145619
0.769654 0.769654
-0.995662 -0.995662
-0.644888 -0.644888
0.319486 0.319486
0.329095 0.329095
0.347639 0.347639
0.335725 0.335725
0.343789 0.343789
Checking block size 64.
0.911060 0.911060
0.145619 0.145619
0.769654 0.769654
-0.995662 -0.995662
-0.644888 -0.644888
0.319486 0.319486
0.329095 0.329095
0.347639 0.347639
0.335725 0.335725
0.343789 0.343789
Checking block size 128.
0.911060 0.911060
0.145619 0.145619
0.769654 0.769654
-0.995662 -0.995662
-0.644888 -0.644888
0.319486 0.319486
0.329095 0.329095
0.347639 0.347639
0.335725 0.335725
0.343789 0.343789
Checking block size 256.
0.911060 0.911060
0.145619 0.145619
0.769654 0.769654
-0.995662 -0.995662
-0.644888 -0.644888
0.319486 0.319486
0.329095 0.329095
0.347639 0.347639
0.335725 0.335725
0.343789 0.343789
Checking block size 512.
0.911060 0.911060
0.145619 0.145619
0.769654 0.769654
-0.995662 -0.995662
-0.644888 -0.644888
0.319486 0.319486
0.329095 0.329095
0.347639 0.347639
0.335725 0.335725
0.343789 0.343789
Checking block size 1024.
0.911060 0.911060
0.145619 0.145619
0.769654 0.769654
-0.995662 -0.995662
-0.644888 -0.644888
0.319486 0.319486
0.329095 0.329095
0.347639 0.347639
0.335725 0.335725
0.343789 0.343789
All results match. Starting benchmarks.

block_size   32 | time 0.2114 ms | bandwidth 238.07 GB/s
block_size   64 | time 0.2175 ms | bandwidth 231.39 GB/s
block_size  128 | time 0.2304 ms | bandwidth 218.45 GB/s
block_size  256 | time 0.2300 ms | bandwidth 218.82 GB/s
block_size  512 | time 0.2284 ms | bandwidth 220.32 GB/s
block_size 1024 | time 0.2265 ms | bandwidth 222.20 GB/s
Using kernel 3
Checking block size 32.
0.911060 0.911060
0.145619 0.145619
0.769654 0.769654
-0.995662 -0.995662
-0.644888 -0.644888
0.319486 0.319486
0.329095 0.329095
0.347639 0.347639
0.335725 0.335725
0.343789 0.343789
Checking block size 64.
0.911060 0.911060
0.145619 0.145619
0.769654 0.769654
-0.995662 -0.995662
-0.644888 -0.644888
0.319486 0.319486
0.329095 0.329095
0.347639 0.347639
0.335725 0.335725
0.343789 0.343789
Checking block size 128.
0.911060 0.911060
0.145619 0.145619
0.769654 0.769654
-0.995662 -0.995662
-0.644888 -0.644888
0.319486 0.319486
0.329095 0.329095
0.347639 0.347639
0.335725 0.335725
0.343789 0.343789
Checking block size 256.
0.911060 0.911060
0.145619 0.145619
0.769654 0.769654
-0.995662 -0.995662
-0.644888 -0.644888
0.319486 0.319486
0.329095 0.329095
0.347639 0.347639
0.335725 0.335725
0.343789 0.343789
Checking block size 512.
0.911060 0.911060
0.145619 0.145619
0.769654 0.769654
-0.995662 -0.995662
-0.644888 -0.644888
0.319486 0.319486
0.329095 0.329095
0.347639 0.347639
0.335725 0.335725
0.343789 0.343789
Checking block size 1024.
0.911060 0.911060
0.145619 0.145619
0.769654 0.769654
-0.995662 -0.995662
-0.644888 -0.644888
0.319486 0.319486
0.329095 0.329095
0.347639 0.347639
0.335725 0.335725
0.343789 0.343789
All results match. Starting benchmarks.

block_size   32 | time 0.4233 ms | bandwidth 118.91 GB/s
block_size   64 | time 0.4496 ms | bandwidth 111.94 GB/s
block_size  128 | time 0.4741 ms | bandwidth 106.15 GB/s
block_size  256 | time 0.4678 ms | bandwidth 107.60 GB/s
block_size  512 | time 0.4696 ms | bandwidth 107.17 GB/s
block_size 1024 | time 0.4433 ms | bandwidth 113.54 GB/s
Using kernel 4
Checking block size 32.
0.911060 0.911060
0.145619 0.145619
0.769654 0.769654
-0.995662 -0.995662
-0.644888 -0.644888
0.319486 0.319486
0.329095 0.329095
0.347639 0.347639
0.335725 0.335725
0.343789 0.343789
Checking block size 64.
0.911060 0.911060
0.145619 0.145619
0.769654 0.769654
-0.995662 -0.995662
-0.644888 -0.644888
0.319486 0.319486
0.329095 0.329095
0.347639 0.347639
0.335725 0.335725
0.343789 0.343789
Checking block size 128.
0.911060 0.911060
0.145619 0.145619
0.769654 0.769654
-0.995662 -0.995662
-0.644888 -0.644888
0.319486 0.319486
0.329095 0.329095
0.347639 0.347639
0.335725 0.335725
0.343789 0.343789
Checking block size 256.
0.911060 0.911060
0.145619 0.145619
0.769654 0.769654
-0.995662 -0.995662
-0.644888 -0.644888
0.319486 0.319486
0.329095 0.329095
0.347639 0.347639
0.335725 0.335725
0.343789 0.343789
Checking block size 512.
0.911060 0.911060
0.145619 0.145619
0.769654 0.769654
-0.995662 -0.995662
-0.644888 -0.644888
0.319486 0.319486
0.329095 0.329095
0.347639 0.347639
0.335725 0.335725
0.343789 0.343789
Checking block size 1024.
0.911060 0.911060
0.145619 0.145619
0.769654 0.769654
-0.995662 -0.995662
-0.644888 -0.644888
0.319486 0.319486
0.329095 0.329095
0.347639 0.347639
0.335725 0.335725
0.343789 0.343789
All results match. Starting benchmarks.

block_size   32 | time 0.2107 ms | bandwidth 238.90 GB/s
block_size   64 | time 0.2301 ms | bandwidth 218.74 GB/s
block_size  128 | time 0.2394 ms | bandwidth 210.23 GB/s
block_size  256 | time 0.2400 ms | bandwidth 209.68 GB/s
block_size  512 | time 0.2370 ms | bandwidth 212.34 GB/s
block_size 1024 | time 0.2233 ms | bandwidth 225.44 GB/s
Using kernel 5
Checking block size 32.
0.911060 0.911060
0.145619 0.145619
0.769654 0.769654
-0.995662 -0.995662
-0.644888 -0.644888
0.319486 0.319486
0.329095 0.329095
0.347639 0.347639
0.335725 0.335725
0.343789 0.343789
Checking block size 64.
0.911060 0.911060
0.145619 0.145619
0.769654 0.769654
-0.995662 -0.995662
-0.644888 -0.644888
0.319486 0.319486
0.329095 0.329095
0.347639 0.347639
0.335725 0.335725
0.343789 0.343789
Checking block size 128.
0.911060 0.911060
0.145619 0.145619
0.769654 0.769654
-0.995662 -0.995662
-0.644888 -0.644888
0.319486 0.319486
0.329095 0.329095
0.347639 0.347639
0.335725 0.335725
0.343789 0.343789
Checking block size 256.
0.911060 0.911060
0.145619 0.145619
0.769654 0.769654
-0.995662 -0.995662
-0.644888 -0.644888
0.319486 0.319486
0.329095 0.329095
0.347639 0.347639
0.335725 0.335725
0.343789 0.343789
Checking block size 512.
0.911060 0.911060
0.145619 0.145619
0.769654 0.769654
-0.995662 -0.995662
-0.644888 -0.644888
0.319486 0.319486
0.329095 0.329095
0.347639 0.347639
0.335725 0.335725
0.343789 0.343789
Checking block size 1024.
0.911060 0.911060
0.145619 0.145619
0.769654 0.769654
-0.995662 -0.995662
-0.644888 -0.644888
0.319486 0.319486
0.329095 0.329095
0.347639 0.347639
0.335725 0.335725
0.343789 0.343789
All results match. Starting benchmarks.

block_size   32 | time 0.2137 ms | bandwidth 235.48 GB/s
block_size   64 | time 0.2295 ms | bandwidth 219.28 GB/s
block_size  128 | time 0.2366 ms | bandwidth 212.73 GB/s
block_size  256 | time 0.2322 ms | bandwidth 216.80 GB/s
block_size  512 | time 0.2281 ms | bandwidth 220.62 GB/s
block_size 1024 | time 0.2339 ms | bandwidth 215.19 GB/s
Using kernel 6
Checking block size 32.
0.911060 0.911060
0.145619 0.145619
0.769654 0.769654
-0.995662 -0.995662
-0.644888 -0.644888
0.319486 0.319486
0.329095 0.329095
0.347639 0.347639
0.335725 0.335725
0.343789 0.343789
Checking block size 64.
0.911060 0.911060
0.145619 0.145619
0.769654 0.769654
-0.995662 -0.995662
-0.644888 -0.644888
0.319486 0.319486
0.329095 0.329095
0.347639 0.347639
0.335725 0.335725
0.343789 0.343789
Checking block size 128.
0.911060 0.911060
0.145619 0.145619
0.769654 0.769654
-0.995662 -0.995662
-0.644888 -0.644888
0.319486 0.319486
0.329095 0.329095
0.347639 0.347639
0.335725 0.335725
0.343789 0.343789
Checking block size 256.
0.911060 0.911060
0.145619 0.145619
0.769654 0.769654
-0.995662 -0.995662
-0.644888 -0.644888
0.319486 0.319486
0.329095 0.329095
0.347639 0.347639
0.335725 0.335725
0.343789 0.343789
Checking block size 512.
0.911060 0.911060
0.145619 0.145619
0.769654 0.769654
-0.995662 -0.995662
-0.644888 -0.644888
0.319486 0.319486
0.329095 0.329095
0.347639 0.347639
0.335725 0.335725
0.343789 0.343789
Checking block size 1024.
0.911060 0.911060
0.145619 0.145619
0.769654 0.769654
-0.995662 -0.995662
-0.644888 -0.644888
0.319486 0.319486
0.329095 0.329095
0.347639 0.347639
0.335725 0.335725
0.343789 0.343789
All results match. Starting benchmarks.

block_size   32 | time 0.2241 ms | bandwidth 224.56 GB/s
block_size   64 | time 0.2432 ms | bandwidth 206.92 GB/s
block_size  128 | time 0.2436 ms | bandwidth 206.59 GB/s
block_size  256 | time 0.2338 ms | bandwidth 215.31 GB/s
block_size  512 | time 0.2312 ms | bandwidth 217.70 GB/s
block_size 1024 | time 0.2330 ms | bandwidth 216.01 GB/s
