Using kernel 1
Checking block size 32.
0.911060 0.911060
0.145619 0.145619
0.769654 0.769654
-0.995662 -0.995662
-0.644888 -0.644888
0.319486 0.319486
0.329095 0.329095
0.347639 0.347639
0.335725 0.335725
0.343789 0.343789
Checking block size 64.
0.911060 0.911060
0.145619 0.145619
0.769654 0.769654
-0.995662 -0.995662
-0.644888 -0.644888
0.319486 0.319486
0.329095 0.329095
0.347639 0.347639
0.335725 0.335725
0.343789 0.343789
Checking block size 128.
0.911060 0.911060
0.145619 0.145619
0.769654 0.769654
-0.995662 -0.995662
-0.644888 -0.644888
0.319486 0.319486
0.329095 0.329095
0.347639 0.347639
0.335725 0.335725
0.343789 0.343789
Checking block size 256.
0.911060 0.911060
0.145619 0.145619
0.769654 0.769654
-0.995662 -0.995662
-0.644888 -0.644888
0.319486 0.319486
0.329095 0.329095
0.347639 0.347639
0.335725 0.335725
0.343789 0.343789
Checking block size 512.
0.911060 0.911060
0.145619 0.145619
0.769654 0.769654
-0.995662 -0.995662
-0.644888 -0.644888
0.319486 0.319486
0.329095 0.329095
0.347639 0.347639
0.335725 0.335725
0.343789 0.343789
Checking block size 1024.
0.911060 0.911060
0.145619 0.145619
0.769654 0.769654
-0.995662 -0.995662
-0.644888 -0.644888
0.319486 0.319486
0.329095 0.329095
0.347639 0.347639
0.335725 0.335725
0.343789 0.343789
All results match. Starting benchmarks.

block_size   32 | time 0.7376 ms | bandwidth 68.24 GB/s
block_size   64 | time 0.7616 ms | bandwidth 66.09 GB/s
block_size  128 | time 0.8407 ms | bandwidth 59.87 GB/s
block_size  256 | time 1.0134 ms | bandwidth 49.67 GB/s
block_size  512 | time 1.2135 ms | bandwidth 41.48 GB/s
block_size 1024 | time 1.8016 ms | bandwidth 27.94 GB/s
Using kernel 2
Checking block size 32.
0.911060 0.911060
0.145619 0.145619
0.769654 0.769654
-0.995662 -0.995662
-0.644888 -0.644888
0.319486 0.319486
0.329095 0.329095
0.347639 0.347639
0.335725 0.335725
0.343789 0.343789
Checking block size 64.
0.911060 0.911060
0.145619 0.145619
0.769654 0.769654
-0.995662 -0.995662
-0.644888 -0.644888
0.319486 0.319486
0.329095 0.329095
0.347639 0.347639
0.335725 0.335725
0.343789 0.343789
Checking block size 128.
0.911060 0.911060
0.145619 0.145619
0.769654 0.769654
-0.995662 -0.995662
-0.644888 -0.644888
0.319486 0.319486
0.329095 0.329095
0.347639 0.347639
0.335725 0.335725
0.343789 0.343789
Checking block size 256.
0.911060 0.911060
0.145619 0.145619
0.769654 0.769654
-0.995662 -0.995662
-0.644888 -0.644888
0.319486 0.319486
0.329095 0.329095
0.347639 0.347639
0.335725 0.335725
0.343789 0.343789
Checking block size 512.
0.911060 0.911060
0.145619 0.145619
0.769654 0.769654
-0.995662 -0.995662
-0.644888 -0.644888
0.319486 0.319486
0.329095 0.329095
0.347639 0.347639
0.335725 0.335725
0.343789 0.343789
Checking block size 1024.
0.911060 0.911060
0.145619 0.145619
0.769654 0.769654
-0.995662 -0.995662
-0.644888 -0.644888
0.319486 0.319486
0.329095 0.329095
0.347639 0.347639
0.335725 0.335725
0.343789 0.343789
All results match. Starting benchmarks.

block_size   32 | time 0.2147 ms | bandwidth 234.48 GB/s
block_size   64 | time 0.2204 ms | bandwidth 228.38 GB/s
block_size  128 | time 0.2374 ms | bandwidth 212.00 GB/s
block_size  256 | time 0.2364 ms | bandwidth 212.87 GB/s
block_size  512 | time 0.2347 ms | bandwidth 214.47 GB/s
block_size 1024 | time 0.2336 ms | bandwidth 215.44 GB/s
Using kernel 3
Checking block size 32.
0.911060 0.911060
0.145619 0.145619
0.769654 0.769654
-0.995662 -0.995662
-0.644888 -0.644888
0.319486 0.319486
0.329095 0.329095
0.347639 0.347639
0.335725 0.335725
0.343789 0.343789
Checking block size 64.
0.911060 0.911060
0.145619 0.145619
0.769654 0.769654
-0.995662 -0.995662
-0.644888 -0.644888
0.319486 0.319486
0.329095 0.329095
0.347639 0.347639
0.335725 0.335725
0.343789 0.343789
Checking block size 128.
0.911060 0.911060
0.145619 0.145619
0.769654 0.769654
-0.995662 -0.995662
-0.644888 -0.644888
0.319486 0.319486
0.329095 0.329095
0.347639 0.347639
0.335725 0.335725
0.343789 0.343789
Checking block size 256.
0.911060 0.911060
0.145619 0.145619
0.769654 0.769654
-0.995662 -0.995662
-0.644888 -0.644888
0.319486 0.319486
0.329095 0.329095
0.347639 0.347639
0.335725 0.335725
0.343789 0.343789
Checking block size 512.
0.911060 0.911060
0.145619 0.145619
0.769654 0.769654
-0.995662 -0.995662
-0.644888 -0.644888
0.319486 0.319486
0.329095 0.329095
0.347639 0.347639
0.335725 0.335725
0.343789 0.343789
Checking block size 1024.
0.911060 0.911060
0.145619 0.145619
0.769654 0.769654
-0.995662 -0.995662
-0.644888 -0.644888
0.319486 0.319486
0.329095 0.329095
0.347639 0.347639
0.335725 0.335725
0.343789 0.343789
All results match. Starting benchmarks.

block_size   32 | time 0.2203 ms | bandwidth 228.48 GB/s
block_size   64 | time 0.2324 ms | bandwidth 216.56 GB/s
block_size  128 | time 0.2452 ms | bandwidth 205.24 GB/s
block_size  256 | time 0.2437 ms | bandwidth 206.54 GB/s
block_size  512 | time 0.2419 ms | bandwidth 208.09 GB/s
block_size 1024 | time 0.2272 ms | bandwidth 221.54 GB/s
Using kernel 4
Checking block size 32.
0.911060 0.911060
0.145619 0.145619
0.769654 0.769654
-0.995662 -0.995662
-0.644888 -0.644888
0.319486 0.319486
0.329095 0.329095
0.347639 0.347639
0.335725 0.335725
0.343789 0.343789
Checking block size 64.
0.911060 0.911060
0.145619 0.145619
0.769654 0.769654
-0.995662 -0.995662
-0.644888 -0.644888
0.319486 0.319486
0.329095 0.329095
0.347639 0.347639
0.335725 0.335725
0.343789 0.343789
Checking block size 128.
0.911060 0.911060
0.145619 0.145619
0.769654 0.769654
-0.995662 -0.995662
-0.644888 -0.644888
0.319486 0.319486
0.329095 0.329095
0.347639 0.347639
0.335725 0.335725
0.343789 0.343789
Checking block size 256.
0.911060 0.911060
0.145619 0.145619
0.769654 0.769654
-0.995662 -0.995662
-0.644888 -0.644888
0.319486 0.319486
0.329095 0.329095
0.347639 0.347639
0.335725 0.335725
0.343789 0.343789
Checking block size 512.
0.911060 0.911060
0.145619 0.145619
0.769654 0.769654
-0.995662 -0.995662
-0.644888 -0.644888
0.319486 0.319486
0.329095 0.329095
0.347639 0.347639
0.335725 0.335725
0.343789 0.343789
Checking block size 1024.
0.911060 0.911060
0.145619 0.145619
0.769654 0.769654
-0.995662 -0.995662
-0.644888 -0.644888
0.319486 0.319486
0.329095 0.329095
0.347639 0.347639
0.335725 0.335725
0.343789 0.343789
All results match. Starting benchmarks.

block_size   32 | time 0.2146 ms | bandwidth 234.51 GB/s
block_size   64 | time 0.2338 ms | bandwidth 215.24 GB/s
block_size  128 | time 0.2493 ms | bandwidth 201.86 GB/s
block_size  256 | time 0.2453 ms | bandwidth 205.17 GB/s
block_size  512 | time 0.2455 ms | bandwidth 205.04 GB/s
block_size 1024 | time 0.2298 ms | bandwidth 219.01 GB/s
Using kernel 5
Checking block size 32.
0.911060 0.911060
0.145619 0.145619
0.769654 0.769654
-0.995662 -0.995662
-0.644888 -0.644888
0.319486 0.319486
0.329095 0.329095
0.347639 0.347639
0.335725 0.335725
0.343789 0.343789
Checking block size 64.
0.911060 0.911060
0.145619 0.145619
0.769654 0.769654
-0.995662 -0.995662
-0.644888 -0.644888
0.319486 0.319486
0.329095 0.329095
0.347639 0.347639
0.335725 0.335725
0.343789 0.343789
Checking block size 128.
0.911060 0.911060
0.145619 0.145619
0.769654 0.769654
-0.995662 -0.995662
-0.644888 -0.644888
0.319486 0.319486
0.329095 0.329095
0.347639 0.347639
0.335725 0.335725
0.343789 0.343789
Checking block size 256.
0.911060 0.911060
0.145619 0.145619
0.769654 0.769654
-0.995662 -0.995662
-0.644888 -0.644888
0.319486 0.319486
0.329095 0.329095
0.347639 0.347639
0.335725 0.335725
0.343789 0.343789
Checking block size 512.
0.911060 0.911060
0.145619 0.145619
0.769654 0.769654
-0.995662 -0.995662
-0.644888 -0.644888
0.319486 0.319486
0.329095 0.329095
0.347639 0.347639
0.335725 0.335725
0.343789 0.343789
Checking block size 1024.
0.911060 0.911060
0.145619 0.145619
0.769654 0.769654
-0.995662 -0.995662
-0.644888 -0.644888
0.319486 0.319486
0.329095 0.329095
0.347639 0.347639
0.335725 0.335725
0.343789 0.343789
All results match. Starting benchmarks.

block_size   32 | time 0.2173 ms | bandwidth 231.57 GB/s
block_size   64 | time 0.2310 ms | bandwidth 217.86 GB/s
block_size  128 | time 0.2428 ms | bandwidth 207.28 GB/s
block_size  256 | time 0.2380 ms | bandwidth 211.44 GB/s
block_size  512 | time 0.2362 ms | bandwidth 213.10 GB/s
block_size 1024 | time 0.2304 ms | bandwidth 218.48 GB/s
Using kernel 6
Checking block size 32.
0.911060 0.911060
0.145619 0.145619
0.769654 0.769654
-0.995662 -0.995662
-0.644888 -0.644888
0.319486 0.319486
0.329095 0.329095
0.347639 0.347639
0.335725 0.335725
0.343789 0.343789
Checking block size 64.
0.911060 0.911060
0.145619 0.145619
0.769654 0.769654
-0.995662 -0.995662
-0.644888 -0.644888
0.319486 0.319486
0.329095 0.329095
0.347639 0.347639
0.335725 0.335725
0.343789 0.343789
Checking block size 128.
0.911060 0.911060
0.145619 0.145619
0.769654 0.769654
-0.995662 -0.995662
-0.644888 -0.644888
0.319486 0.319486
0.329095 0.329095
0.347639 0.347639
0.335725 0.335725
0.343789 0.343789
Checking block size 256.
0.911060 0.911060
0.145619 0.145619
0.769654 0.769654
-0.995662 -0.995662
-0.644888 -0.644888
0.319486 0.319486
0.329095 0.329095
0.347639 0.347639
0.335725 0.335725
0.343789 0.343789
Checking block size 512.
0.911060 0.911060
0.145619 0.145619
0.769654 0.769654
-0.995662 -0.995662
-0.644888 -0.644888
0.319486 0.319486
0.329095 0.329095
0.347639 0.347639
0.335725 0.335725
0.343789 0.343789
Checking block size 1024.
0.911060 0.911060
0.145619 0.145619
0.769654 0.769654
-0.995662 -0.995662
-0.644888 -0.644888
0.319486 0.319486
0.329095 0.329095
0.347639 0.347639
0.335725 0.335725
0.343789 0.343789
All results match. Starting benchmarks.

block_size   32 | time 0.2298 ms | bandwidth 219.03 GB/s
block_size   64 | time 0.2466 ms | bandwidth 204.09 GB/s
block_size  128 | time 0.2467 ms | bandwidth 204.03 GB/s
block_size  256 | time 0.2412 ms | bandwidth 208.64 GB/s
block_size  512 | time 0.2382 ms | bandwidth 211.33 GB/s
block_size 1024 | time 0.2389 ms | bandwidth 210.71 GB/s
