Using kernel 1
Checking block size 32.
0.911060 0.911060
0.145619 0.145619
0.769654 0.769654
-0.995662 -0.995662
-0.644888 -0.644888
0.319486 0.319486
0.329095 0.329095
0.347639 0.347639
0.335725 0.335725
0.343789 0.343789
Checking block size 64.
0.911060 0.911060
0.145619 0.145619
0.769654 0.769654
-0.995662 -0.995662
-0.644888 -0.644888
0.319486 0.319486
0.329095 0.329095
0.347639 0.347639
0.335725 0.335725
0.343789 0.343789
Checking block size 128.
0.911060 0.911060
0.145619 0.145619
0.769654 0.769654
-0.995662 -0.995662
-0.644888 -0.644888
0.319486 0.319486
0.329095 0.329095
0.347639 0.347639
0.335725 0.335725
0.343789 0.343789
Checking block size 256.
0.911060 0.911060
0.145619 0.145619
0.769654 0.769654
-0.995662 -0.995662
-0.644888 -0.644888
0.319486 0.319486
0.329095 0.329095
0.347639 0.347639
0.335725 0.335725
0.343789 0.343789
Checking block size 512.
0.911060 0.911060
0.145619 0.145619
0.769654 0.769654
-0.995662 -0.995662
-0.644888 -0.644888
0.319486 0.319486
0.329095 0.329095
0.347639 0.347639
0.335725 0.335725
0.343789 0.343789
Checking block size 1024.
0.911060 0.911060
0.145619 0.145619
0.769654 0.769654
-0.995662 -0.995662
-0.644888 -0.644888
0.319486 0.319486
0.329095 0.329095
0.347639 0.347639
0.335725 0.335725
0.343789 0.343789
All results match. Starting benchmarks.

block_size   32 | time 0.7474 ms | bandwidth 67.34 GB/s
block_size   64 | time 0.7632 ms | bandwidth 65.95 GB/s
block_size  128 | time 0.8403 ms | bandwidth 59.90 GB/s
block_size  256 | time 1.0172 ms | bandwidth 49.48 GB/s
block_size  512 | time 1.2176 ms | bandwidth 41.34 GB/s
block_size 1024 | time 1.8133 ms | bandwidth 27.76 GB/s
Using kernel 2
Checking block size 32.
0.911060 0.911060
0.145619 0.145619
0.769654 0.769654
-0.995662 -0.995662
-0.644888 -0.644888
0.319486 0.319486
0.329095 0.329095
0.347639 0.347639
0.335725 0.335725
0.343789 0.343789
Checking block size 64.
0.911060 0.911060
0.145619 0.145619
0.769654 0.769654
-0.995662 -0.995662
-0.644888 -0.644888
0.319486 0.319486
0.329095 0.329095
0.347639 0.347639
0.335725 0.335725
0.343789 0.343789
Checking block size 128.
0.911060 0.911060
0.145619 0.145619
0.769654 0.769654
-0.995662 -0.995662
-0.644888 -0.644888
0.319486 0.319486
0.329095 0.329095
0.347639 0.347639
0.335725 0.335725
0.343789 0.343789
Checking block size 256.
0.911060 0.911060
0.145619 0.145619
0.769654 0.769654
-0.995662 -0.995662
-0.644888 -0.644888
0.319486 0.319486
0.329095 0.329095
0.347639 0.347639
0.335725 0.335725
0.343789 0.343789
Checking block size 512.
0.911060 0.911060
0.145619 0.145619
0.769654 0.769654
-0.995662 -0.995662
-0.644888 -0.644888
0.319486 0.319486
0.329095 0.329095
0.347639 0.347639
0.335725 0.335725
0.343789 0.343789
Checking block size 1024.
0.911060 0.911060
0.145619 0.145619
0.769654 0.769654
-0.995662 -0.995662
-0.644888 -0.644888
0.319486 0.319486
0.329095 0.329095
0.347639 0.347639
0.335725 0.335725
0.343789 0.343789
All results match. Starting benchmarks.

block_size   32 | time 0.2146 ms | bandwidth 234.57 GB/s
block_size   64 | time 0.2254 ms | bandwidth 223.32 GB/s
block_size  128 | time 0.2426 ms | bandwidth 207.49 GB/s
block_size  256 | time 0.2385 ms | bandwidth 211.05 GB/s
block_size  512 | time 0.2446 ms | bandwidth 205.79 GB/s
block_size 1024 | time 0.2533 ms | bandwidth 198.68 GB/s
Using kernel 3
Checking block size 32.
0.911060 0.911060
0.145619 0.145619
0.769654 0.769654
-0.995662 -0.995662
-0.644888 -0.644888
0.319486 0.319486
0.329095 0.329095
0.347639 0.347639
0.335725 0.335725
0.343789 0.343789
Checking block size 64.
0.911060 0.911060
0.145619 0.145619
0.769654 0.769654
-0.995662 -0.995662
-0.644888 -0.644888
0.319486 0.319486
0.329095 0.329095
0.347639 0.347639
0.335725 0.335725
0.343789 0.343789
Checking block size 128.
0.911060 0.911060
0.145619 0.145619
0.769654 0.769654
-0.995662 -0.995662
-0.644888 -0.644888
0.319486 0.319486
0.329095 0.329095
0.347639 0.347639
0.335725 0.335725
0.343789 0.343789
Checking block size 256.
0.911060 0.911060
0.145619 0.145619
0.769654 0.769654
-0.995662 -0.995662
-0.644888 -0.644888
0.319486 0.319486
0.329095 0.329095
0.347639 0.347639
0.335725 0.335725
0.343789 0.343789
Checking block size 512.
0.911060 0.911060
0.145619 0.145619
0.769654 0.769654
-0.995662 -0.995662
-0.644888 -0.644888
0.319486 0.319486
0.329095 0.329095
0.347639 0.347639
0.335725 0.335725
0.343789 0.343789
Checking block size 1024.
0.911060 0.911060
0.145619 0.145619
0.769654 0.769654
-0.995662 -0.995662
-0.644888 -0.644888
0.319486 0.319486
0.329095 0.329095
0.347639 0.347639
0.335725 0.335725
0.343789 0.343789
All results match. Starting benchmarks.

block_size   32 | time 0.4364 ms | bandwidth 115.34 GB/s
block_size   64 | time 0.4689 ms | bandwidth 107.33 GB/s
block_size  128 | time 0.4956 ms | bandwidth 101.55 GB/s
block_size  256 | time 0.4894 ms | bandwidth 102.85 GB/s
block_size  512 | time 0.4887 ms | bandwidth 103.00 GB/s
block_size 1024 | time 0.4746 ms | bandwidth 106.05 GB/s
Using kernel 4
Checking block size 32.
0.911060 0.911060
0.145619 0.145619
0.769654 0.769654
-0.995662 -0.995662
-0.644888 -0.644888
0.319486 0.319486
0.329095 0.329095
0.347639 0.347639
0.335725 0.335725
0.343789 0.343789
Checking block size 64.
0.911060 0.911060
0.145619 0.145619
0.769654 0.769654
-0.995662 -0.995662
-0.644888 -0.644888
0.319486 0.319486
0.329095 0.329095
0.347639 0.347639
0.335725 0.335725
0.343789 0.343789
Checking block size 128.
0.911060 0.911060
0.145619 0.145619
0.769654 0.769654
-0.995662 -0.995662
-0.644888 -0.644888
0.319486 0.319486
0.329095 0.329095
0.347639 0.347639
0.335725 0.335725
0.343789 0.343789
Checking block size 256.
0.911060 0.911060
0.145619 0.145619
0.769654 0.769654
-0.995662 -0.995662
-0.644888 -0.644888
0.319486 0.319486
0.329095 0.329095
0.347639 0.347639
0.335725 0.335725
0.343789 0.343789
Checking block size 512.
0.911060 0.911060
0.145619 0.145619
0.769654 0.769654
-0.995662 -0.995662
-0.644888 -0.644888
0.319486 0.319486
0.329095 0.329095
0.347639 0.347639
0.335725 0.335725
0.343789 0.343789
Checking block size 1024.
0.911060 0.911060
0.145619 0.145619
0.769654 0.769654
-0.995662 -0.995662
-0.644888 -0.644888
0.319486 0.319486
0.329095 0.329095
0.347639 0.347639
0.335725 0.335725
0.343789 0.343789
All results match. Starting benchmarks.

block_size   32 | time 0.2200 ms | bandwidth 228.73 GB/s
block_size   64 | time 0.2408 ms | bandwidth 209.01 GB/s
block_size  128 | time 0.2515 ms | bandwidth 200.16 GB/s
block_size  256 | time 0.2486 ms | bandwidth 202.49 GB/s
block_size  512 | time 0.2479 ms | bandwidth 203.06 GB/s
block_size 1024 | time 0.2365 ms | bandwidth 212.83 GB/s
Using kernel 5
Checking block size 32.
0.911060 0.911060
0.145619 0.145619
0.769654 0.769654
-0.995662 -0.995662
-0.644888 -0.644888
0.319486 0.319486
0.329095 0.329095
0.347639 0.347639
0.335725 0.335725
0.343789 0.343789
Checking block size 64.
0.911060 0.911060
0.145619 0.145619
0.769654 0.769654
-0.995662 -0.995662
-0.644888 -0.644888
0.319486 0.319486
0.329095 0.329095
0.347639 0.347639
0.335725 0.335725
0.343789 0.343789
Checking block size 128.
0.911060 0.911060
0.145619 0.145619
0.769654 0.769654
-0.995662 -0.995662
-0.644888 -0.644888
0.319486 0.319486
0.329095 0.329095
0.347639 0.347639
0.335725 0.335725
0.343789 0.343789
Checking block size 256.
0.911060 0.911060
0.145619 0.145619
0.769654 0.769654
-0.995662 -0.995662
-0.644888 -0.644888
0.319486 0.319486
0.329095 0.329095
0.347639 0.347639
0.335725 0.335725
0.343789 0.343789
Checking block size 512.
0.911060 0.911060
0.145619 0.145619
0.769654 0.769654
-0.995662 -0.995662
-0.644888 -0.644888
0.319486 0.319486
0.329095 0.329095
0.347639 0.347639
0.335725 0.335725
0.343789 0.343789
Checking block size 1024.
0.911060 0.911060
0.145619 0.145619
0.769654 0.769654
-0.995662 -0.995662
-0.644888 -0.644888
0.319486 0.319486
0.329095 0.329095
0.347639 0.347639
0.335725 0.335725
0.343789 0.343789
All results match. Starting benchmarks.

block_size   32 | time 0.2195 ms | bandwidth 229.35 GB/s
block_size   64 | time 0.2351 ms | bandwidth 214.13 GB/s
block_size  128 | time 0.2469 ms | bandwidth 203.88 GB/s
block_size  256 | time 0.2424 ms | bandwidth 207.67 GB/s
block_size  512 | time 0.2499 ms | bandwidth 201.42 GB/s
block_size 1024 | time 0.2605 ms | bandwidth 193.23 GB/s
Using kernel 6
Checking block size 32.
0.911060 0.911060
0.145619 0.145619
0.769654 0.769654
-0.995662 -0.995662
-0.644888 -0.644888
0.319486 0.319486
0.329095 0.329095
0.347639 0.347639
0.335725 0.335725
0.343789 0.343789
Checking block size 64.
0.911060 0.911060
0.145619 0.145619
0.769654 0.769654
-0.995662 -0.995662
-0.644888 -0.644888
0.319486 0.319486
0.329095 0.329095
0.347639 0.347639
0.335725 0.335725
0.343789 0.343789
Checking block size 128.
0.911060 0.911060
0.145619 0.145619
0.769654 0.769654
-0.995662 -0.995662
-0.644888 -0.644888
0.319486 0.319486
0.329095 0.329095
0.347639 0.347639
0.335725 0.335725
0.343789 0.343789
Checking block size 256.
0.911060 0.911060
0.145619 0.145619
0.769654 0.769654
-0.995662 -0.995662
-0.644888 -0.644888
0.319486 0.319486
0.329095 0.329095
0.347639 0.347639
0.335725 0.335725
0.343789 0.343789
Checking block size 512.
0.911060 0.911060
0.145619 0.145619
0.769654 0.769654
-0.995662 -0.995662
-0.644888 -0.644888
0.319486 0.319486
0.329095 0.329095
0.347639 0.347639
0.335725 0.335725
0.343789 0.343789
Checking block size 1024.
0.911060 0.911060
0.145619 0.145619
0.769654 0.769654
-0.995662 -0.995662
-0.644888 -0.644888
0.319486 0.319486
0.329095 0.329095
0.347639 0.347639
0.335725 0.335725
0.343789 0.343789
All results match. Starting benchmarks.

block_size   32 | time 0.2334 ms | bandwidth 215.63 GB/s
block_size   64 | time 0.2563 ms | bandwidth 196.41 GB/s
block_size  128 | time 0.2501 ms | bandwidth 201.24 GB/s
block_size  256 | time 0.2452 ms | bandwidth 205.23 GB/s
block_size  512 | time 0.2421 ms | bandwidth 207.88 GB/s
block_size 1024 | time 0.2409 ms | bandwidth 208.91 GB/s
