Using kernel 1
Checking block size 32.
0.911060 0.911060
0.145619 0.145619
0.769654 0.769654
-0.995662 -0.995662
-0.644888 -0.644888
0.319486 0.319486
0.329095 0.329095
0.347639 0.347639
0.335725 0.335725
0.343789 0.343789
Checking block size 64.
0.911060 0.911060
0.145619 0.145619
0.769654 0.769654
-0.995662 -0.995662
-0.644888 -0.644888
0.319486 0.319486
0.329095 0.329095
0.347639 0.347639
0.335725 0.335725
0.343789 0.343789
Checking block size 128.
0.911060 0.911060
0.145619 0.145619
0.769654 0.769654
-0.995662 -0.995662
-0.644888 -0.644888
0.319486 0.319486
0.329095 0.329095
0.347639 0.347639
0.335725 0.335725
0.343789 0.343789
Checking block size 256.
0.911060 0.911060
0.145619 0.145619
0.769654 0.769654
-0.995662 -0.995662
-0.644888 -0.644888
0.319486 0.319486
0.329095 0.329095
0.347639 0.347639
0.335725 0.335725
0.343789 0.343789
Checking block size 512.
0.911060 0.911060
0.145619 0.145619
0.769654 0.769654
-0.995662 -0.995662
-0.644888 -0.644888
0.319486 0.319486
0.329095 0.329095
0.347639 0.347639
0.335725 0.335725
0.343789 0.343789
Checking block size 1024.
0.911060 0.911060
0.145619 0.145619
0.769654 0.769654
-0.995662 -0.995662
-0.644888 -0.644888
0.319486 0.319486
0.329095 0.329095
0.347639 0.347639
0.335725 0.335725
0.343789 0.343789
All results match. Starting benchmarks.

block_size   32 | time 0.7441 ms | bandwidth 67.65 GB/s
block_size   64 | time 0.7613 ms | bandwidth 66.11 GB/s
block_size  128 | time 0.8403 ms | bandwidth 59.90 GB/s
block_size  256 | time 1.0171 ms | bandwidth 49.49 GB/s
block_size  512 | time 1.2161 ms | bandwidth 41.39 GB/s
block_size 1024 | time 1.8102 ms | bandwidth 27.80 GB/s
Using kernel 2
Checking block size 32.
0.911060 0.911060
0.145619 0.145619
0.769654 0.769654
-0.995662 -0.995662
-0.644888 -0.644888
0.319486 0.319486
0.329095 0.329095
0.347639 0.347639
0.335725 0.335725
0.343789 0.343789
Checking block size 64.
0.911060 0.911060
0.145619 0.145619
0.769654 0.769654
-0.995662 -0.995662
-0.644888 -0.644888
0.319486 0.319486
0.329095 0.329095
0.347639 0.347639
0.335725 0.335725
0.343789 0.343789
Checking block size 128.
0.911060 0.911060
0.145619 0.145619
0.769654 0.769654
-0.995662 -0.995662
-0.644888 -0.644888
0.319486 0.319486
0.329095 0.329095
0.347639 0.347639
0.335725 0.335725
0.343789 0.343789
Checking block size 256.
0.911060 0.911060
0.145619 0.145619
0.769654 0.769654
-0.995662 -0.995662
-0.644888 -0.644888
0.319486 0.319486
0.329095 0.329095
0.347639 0.347639
0.335725 0.335725
0.343789 0.343789
Checking block size 512.
0.911060 0.911060
0.145619 0.145619
0.769654 0.769654
-0.995662 -0.995662
-0.644888 -0.644888
0.319486 0.319486
0.329095 0.329095
0.347639 0.347639
0.335725 0.335725
0.343789 0.343789
Checking block size 1024.
0.911060 0.911060
0.145619 0.145619
0.769654 0.769654
-0.995662 -0.995662
-0.644888 -0.644888
0.319486 0.319486
0.329095 0.329095
0.347639 0.347639
0.335725 0.335725
0.343789 0.343789
All results match. Starting benchmarks.

block_size   32 | time 0.2145 ms | bandwidth 234.62 GB/s
block_size   64 | time 0.2243 ms | bandwidth 224.42 GB/s
block_size  128 | time 0.2397 ms | bandwidth 210.01 GB/s
block_size  256 | time 0.2413 ms | bandwidth 208.57 GB/s
block_size  512 | time 0.2465 ms | bandwidth 204.22 GB/s
block_size 1024 | time 0.2528 ms | bandwidth 199.08 GB/s
Using kernel 3
Checking block size 32.
0.911060 0.911060
0.145619 0.145619
0.769654 0.769654
-0.995662 -0.995662
-0.644888 -0.644888
0.319486 0.319486
0.329095 0.329095
0.347639 0.347639
0.335725 0.335725
0.343789 0.343789
Checking block size 64.
0.911060 0.911060
0.145619 0.145619
0.769654 0.769654
-0.995662 -0.995662
-0.644888 -0.644888
0.319486 0.319486
0.329095 0.329095
0.347639 0.347639
0.335725 0.335725
0.343789 0.343789
Checking block size 128.
0.911060 0.911060
0.145619 0.145619
0.769654 0.769654
-0.995662 -0.995662
-0.644888 -0.644888
0.319486 0.319486
0.329095 0.329095
0.347639 0.347639
0.335725 0.335725
0.343789 0.343789
Checking block size 256.
0.911060 0.911060
0.145619 0.145619
0.769654 0.769654
-0.995662 -0.995662
-0.644888 -0.644888
0.319486 0.319486
0.329095 0.329095
0.347639 0.347639
0.335725 0.335725
0.343789 0.343789
Checking block size 512.
0.911060 0.911060
0.145619 0.145619
0.769654 0.769654
-0.995662 -0.995662
-0.644888 -0.644888
0.319486 0.319486
0.329095 0.329095
0.347639 0.347639
0.335725 0.335725
0.343789 0.343789
Checking block size 1024.
0.911060 0.911060
0.145619 0.145619
0.769654 0.769654
-0.995662 -0.995662
-0.644888 -0.644888
0.319486 0.319486
0.329095 0.329095
0.347639 0.347639
0.335725 0.335725
0.343789 0.343789
All results match. Starting benchmarks.

block_size   32 | time 0.4417 ms | bandwidth 113.96 GB/s
block_size   64 | time 0.4686 ms | bandwidth 107.42 GB/s
block_size  128 | time 0.4976 ms | bandwidth 101.15 GB/s
block_size  256 | time 0.4904 ms | bandwidth 102.64 GB/s
block_size  512 | time 0.4901 ms | bandwidth 102.69 GB/s
block_size 1024 | time 0.4736 ms | bandwidth 106.27 GB/s
Using kernel 4
Checking block size 32.
0.911060 0.911060
0.145619 0.145619
0.769654 0.769654
-0.995662 -0.995662
-0.644888 -0.644888
0.319486 0.319486
0.329095 0.329095
0.347639 0.347639
0.335725 0.335725
0.343789 0.343789
Checking block size 64.
0.911060 0.911060
0.145619 0.145619
0.769654 0.769654
-0.995662 -0.995662
-0.644888 -0.644888
0.319486 0.319486
0.329095 0.329095
0.347639 0.347639
0.335725 0.335725
0.343789 0.343789
Checking block size 128.
0.911060 0.911060
0.145619 0.145619
0.769654 0.769654
-0.995662 -0.995662
-0.644888 -0.644888
0.319486 0.319486
0.329095 0.329095
0.347639 0.347639
0.335725 0.335725
0.343789 0.343789
Checking block size 256.
0.911060 0.911060
0.145619 0.145619
0.769654 0.769654
-0.995662 -0.995662
-0.644888 -0.644888
0.319486 0.319486
0.329095 0.329095
0.347639 0.347639
0.335725 0.335725
0.343789 0.343789
Checking block size 512.
0.911060 0.911060
0.145619 0.145619
0.769654 0.769654
-0.995662 -0.995662
-0.644888 -0.644888
0.319486 0.319486
0.329095 0.329095
0.347639 0.347639
0.335725 0.335725
0.343789 0.343789
Checking block size 1024.
0.911060 0.911060
0.145619 0.145619
0.769654 0.769654
-0.995662 -0.995662
-0.644888 -0.644888
0.319486 0.319486
0.329095 0.329095
0.347639 0.347639
0.335725 0.335725
0.343789 0.343789
All results match. Starting benchmarks.

block_size   32 | time 0.2188 ms | bandwidth 230.08 GB/s
block_size   64 | time 0.2434 ms | bandwidth 206.81 GB/s
block_size  128 | time 0.2520 ms | bandwidth 199.73 GB/s
block_size  256 | time 0.2481 ms | bandwidth 202.85 GB/s
block_size  512 | time 0.2518 ms | bandwidth 199.90 GB/s
block_size 1024 | time 0.2356 ms | bandwidth 213.59 GB/s
Using kernel 5
Checking block size 32.
0.911060 0.911060
0.145619 0.145619
0.769654 0.769654
-0.995662 -0.995662
-0.644888 -0.644888
0.319486 0.319486
0.329095 0.329095
0.347639 0.347639
0.335725 0.335725
0.343789 0.343789
Checking block size 64.
0.911060 0.911060
0.145619 0.145619
0.769654 0.769654
-0.995662 -0.995662
-0.644888 -0.644888
0.319486 0.319486
0.329095 0.329095
0.347639 0.347639
0.335725 0.335725
0.343789 0.343789
Checking block size 128.
0.911060 0.911060
0.145619 0.145619
0.769654 0.769654
-0.995662 -0.995662
-0.644888 -0.644888
0.319486 0.319486
0.329095 0.329095
0.347639 0.347639
0.335725 0.335725
0.343789 0.343789
Checking block size 256.
0.911060 0.911060
0.145619 0.145619
0.769654 0.769654
-0.995662 -0.995662
-0.644888 -0.644888
0.319486 0.319486
0.329095 0.329095
0.347639 0.347639
0.335725 0.335725
0.343789 0.343789
Checking block size 512.
0.911060 0.911060
0.145619 0.145619
0.769654 0.769654
-0.995662 -0.995662
-0.644888 -0.644888
0.319486 0.319486
0.329095 0.329095
0.347639 0.347639
0.335725 0.335725
0.343789 0.343789
Checking block size 1024.
0.911060 0.911060
0.145619 0.145619
0.769654 0.769654
-0.995662 -0.995662
-0.644888 -0.644888
0.319486 0.319486
0.329095 0.329095
0.347639 0.347639
0.335725 0.335725
0.343789 0.343789
All results match. Starting benchmarks.

block_size   32 | time 0.2217 ms | bandwidth 227.00 GB/s
block_size   64 | time 0.2334 ms | bandwidth 215.60 GB/s
block_size  128 | time 0.2475 ms | bandwidth 203.34 GB/s
block_size  256 | time 0.2430 ms | bandwidth 207.12 GB/s
block_size  512 | time 0.2488 ms | bandwidth 202.26 GB/s
block_size 1024 | time 0.2593 ms | bandwidth 194.09 GB/s
Using kernel 6
Checking block size 32.
0.911060 0.911060
0.145619 0.145619
0.769654 0.769654
-0.995662 -0.995662
-0.644888 -0.644888
0.319486 0.319486
0.329095 0.329095
0.347639 0.347639
0.335725 0.335725
0.343789 0.343789
Checking block size 64.
0.911060 0.911060
0.145619 0.145619
0.769654 0.769654
-0.995662 -0.995662
-0.644888 -0.644888
0.319486 0.319486
0.329095 0.329095
0.347639 0.347639
0.335725 0.335725
0.343789 0.343789
Checking block size 128.
0.911060 0.911060
0.145619 0.145619
0.769654 0.769654
-0.995662 -0.995662
-0.644888 -0.644888
0.319486 0.319486
0.329095 0.329095
0.347639 0.347639
0.335725 0.335725
0.343789 0.343789
Checking block size 256.
0.911060 0.911060
0.145619 0.145619
0.769654 0.769654
-0.995662 -0.995662
-0.644888 -0.644888
0.319486 0.319486
0.329095 0.329095
0.347639 0.347639
0.335725 0.335725
0.343789 0.343789
Checking block size 512.
0.911060 0.911060
0.145619 0.145619
0.769654 0.769654
-0.995662 -0.995662
-0.644888 -0.644888
0.319486 0.319486
0.329095 0.329095
0.347639 0.347639
0.335725 0.335725
0.343789 0.343789
Checking block size 1024.
0.911060 0.911060
0.145619 0.145619
0.769654 0.769654
-0.995662 -0.995662
-0.644888 -0.644888
0.319486 0.319486
0.329095 0.329095
0.347639 0.347639
0.335725 0.335725
0.343789 0.343789
All results match. Starting benchmarks.

block_size   32 | time 0.2323 ms | bandwidth 216.63 GB/s
block_size   64 | time 0.2504 ms | bandwidth 201.03 GB/s
block_size  128 | time 0.2502 ms | bandwidth 201.18 GB/s
block_size  256 | time 0.2450 ms | bandwidth 205.41 GB/s
block_size  512 | time 0.2420 ms | bandwidth 207.96 GB/s
block_size 1024 | time 0.2421 ms | bandwidth 207.87 GB/s
